260417934
861378439
880864310
895806078
846474779
634530478
881858717
773412135
748187777
851402308
893786459
621485462
780560051
849923144
795782575
395613267
682129283
400400696
670247005
513644611
646528006
345245700
501485343
978150831
884342773
830640268
849962283
860510832
650345883
766262068
801488478
546849708
731241182
791195479
854486603
886338115
610993420
872275142
1019129327
205660202
829262442
1045976626
800926933
747918602
242455939
759692274
846244461
640639581
634984626
664494904
814530797
860748804
865131531
793582294
851574858
860111802
-233529649
843737333
867625313
866211184
1075730319
852492934
386997721
832121266
782223829
874978309
879110729
731821000
1010712023
160294485
698343336
805891374
712231718
773883428
728961579
897676989
863394251
547954723
889736487
755659123
802580998
824299848
674951910
796745077
697357207
739176046
780864753
864983060
734049683
695834359
650237404
363677872
756622437
837399912
850316257
855878955
804526701
468622954
861943751
809626159
737399126
338365381
824486224
613858280
874750094
855007818
762234879
612938682
794046311
889454671
319586679
557481091
886978732
593981884
418836230
824166946
868292924
1035743776
888404921
358441845
733897383
533487162
1021515491
761072943
745787804
205563312
845174038
213870932
852176463
805388589
708657638
814387040
520036891
246757665
577936153
691108694
897305282
868554098
573938189
695531313
633541720
741741752
890505956
860192578
760608170
863891053
844974181
888408378
613766148
486398662
7707990
651119544
740010412
849249018
861212265
808056303
361108554
851189560
529552853
898755042
850876544
812651452
536574552
662200418
809655903
893940651
858561147
839399567
580186589
706428735
598431243
757585136
835566398
857407054
857939970
487298922
715942566
737963284
830042926
207990501
789462039
865687081
882249734
871879250
826985254
838770265
869738484
399188670
1019045510
859669093
558783665
873366027
645327488
855516719
867519070
835656683
488531021
822137884
556054774
790220789
456791035
531949555
894349514
770380285
575354693
1020157522
639511793
815255243
710209771
891490857
897334132
1043728322
843084702
863271838
587145395
845421935
403287888
890561251
870957150
793274788
493812717
635083353
1033872398
865789134
729623877
681395997
847024834
856559126
588763624
824298295
433355864
371615564
888778924
487664601
801114657
786396419
889563209
846038829
697992420
880616407
820262774
731282364
758660795
264745801
756193955
813297157
860449504
838360687
658938580
603150490
860566672
863149713
836148499
29891893
206402539
656983211
804750167
588059682
210162944
527003306
791087245
641061325
478579798
860900737
486256679
623607363
860330971
1020547763
603010296
1036330582
793265003
722275873
506180662
850499072
756530125
862992086
1024872251
799848462
889170511
874024756
544186845
754800362
708996518
865047946
652892593
865077015
713575856
864549848
143358146
743879509
593859649
873014442
871613361
889795221
75609998
616886325
891040161
695198838
825208531
476348662
858487365
894708113
1027048037
876876256
673889855
827184715
652644204
520661563
718960373
359859805
865277473
466681586
694433637
869201615
739550554
816410144
855837508
760444941
331301263
791144604
1027750018
168203494
352438744
697677556
860154735
626688310
886524581
840846191
1021768991
547402860
546453323
866432673
867556481
846021737
817450534
610068194
718474067
578425189
404906157
893551971
565748328
815409904
654355755
691591483
845942980
811263147
893294628
882991361
638361292
892197140
880045922
667899718
863795792
334593751
783563656
891976004
819066093
563876601
878254480
370521001
609590726
662844531
601571034
644890141
870250222
571400050
707452073
642382721
721650554
811240101
612084282
175548436
455957133
832721835
879972573
576044634
830374205
674700364
817372889
691932995
768986541
-174105461
410187850
861482660
554070587
948581698
869558079
794144933
327672801
873232223
795602220
519823500
821593314
884148330
786184665
361611467
650719536
740078639
589446389
777714875
839100048
798021368
405655284
803262339
616760238
604929131
847567071
600797351
505007742
843844568
854750189
380805908
861127720
867909089
852492676
549318045
647335231
809284456
852184940
803396252
894742390
880394707
701674329
634614413
888696696
833341439
585262013
813008804
890864305
496969076
643527869
668859176
678316877
694004339
582440570
865026924
689983778
846062637
949014619
606210767
825106136
865614942
496382852
826452825
781129859
591187121
851701886
874551647
825242224
757910370
865368920
604286177
778058339
847054643
